Month,Starting_Balance,Monthly_Payment,Principal_Payment,Interest_Payment,Ending_Balance
0,$250000.00,$1726.45,$1101.45,$625.00,$248898.55
1,$248898.55,$1726.45,$1104.21,$622.25,$247794.34
2,$247794.34,$1726.45,$1106.97,$619.49,$246687.37
3,$246687.37,$1726.45,$1109.74,$616.72,$245577.63
4,$245577.63,$1726.45,$1112.51,$613.94,$244465.12
5,$244465.12,$1726.45,$1115.29,$611.16,$243349.83
6,$243349.83,$1726.45,$1118.08,$608.37,$242231.75
7,$242231.75,$1726.45,$1120.87,$605.58,$241110.88
8,$241110.88,$1726.45,$1123.68,$602.78,$239987.20
9,$239987.20,$1726.45,$1126.49,$599.97,$238860.72
10,$238860.72,$1726.45,$1129.30,$597.15,$237731.41
11,$237731.41,$1726.45,$1132.13,$594.33,$236599.29
12,$236599.29,$1726.45,$1134.96,$591.50,$235464.33
13,$235464.33,$1726.45,$1137.79,$588.66,$234326.54
14,$234326.54,$1726.45,$1140.64,$585.82,$233185.90
15,$233185.90,$1726.45,$1143.49,$582.96,$232042.41
16,$232042.41,$1726.45,$1146.35,$580.11,$230896.06
17,$230896.06,$1726.45,$1149.21,$577.24,$229746.85
18,$229746.85,$1726.45,$1152.09,$574.37,$228594.76
19,$228594.76,$1726.45,$1154.97,$571.49,$227439.80
20,$227439.80,$1726.45,$1157.85,$568.60,$226281.94
21,$226281.94,$1726.45,$1160.75,$565.70,$225121.19
22,$225121.19,$1726.45,$1163.65,$562.80,$223957.54
23,$223957.54,$1726.45,$1166.56,$559.89,$222790.98
24,$222790.98,$1726.45,$1169.48,$556.98,$221621.50
25,$221621.50,$1726.45,$1172.40,$554.05,$220449.10
26,$220449.10,$1726.45,$1175.33,$551.12,$219273.77
27,$219273.77,$1726.45,$1178.27,$548.18,$218095.50
28,$218095.50,$1726.45,$1181.22,$545.24,$216914.29
29,$216914.29,$1726.45,$1184.17,$542.29,$215730.12
30,$215730.12,$1726.45,$1187.13,$539.33,$214542.99
31,$214542.99,$1726.45,$1190.10,$536.36,$213352.89
32,$213352.89,$1726.45,$1193.07,$533.38,$212159.82
33,$212159.82,$1726.45,$1196.05,$530.40,$210963.77
34,$210963.77,$1726.45,$1199.04,$527.41,$209764.72
35,$209764.72,$1726.45,$1202.04,$524.41,$208562.68
36,$208562.68,$1726.45,$1205.05,$521.41,$207357.63
37,$207357.63,$1726.45,$1208.06,$518.39,$206149.57
38,$206149.57,$1726.45,$1211.08,$515.37,$204938.49
39,$204938.49,$1726.45,$1214.11,$512.35,$203724.38
40,$203724.38,$1726.45,$1217.14,$509.31,$202507.24
41,$202507.24,$1726.45,$1220.19,$506.27,$201287.05
42,$201287.05,$1726.45,$1223.24,$503.22,$200063.82
43,$200063.82,$1726.45,$1226.29,$500.16,$198837.52
44,$198837.52,$1726.45,$1229.36,$497.09,$197608.16
45,$197608.16,$1726.45,$1232.43,$494.02,$196375.73
46,$196375.73,$1726.45,$1235.51,$490.94,$195140.22
47,$195140.22,$1726.45,$1238.60,$487.85,$193901.61
48,$193901.61,$1726.45,$1241.70,$484.75,$192659.91
49,$192659.91,$1726.45,$1244.80,$481.65,$191415.11
50,$191415.11,$1726.45,$1247.92,$478.54,$190167.19
51,$190167.19,$1726.45,$1251.04,$475.42,$188916.15
52,$188916.15,$1726.45,$1254.16,$472.29,$187661.99
53,$187661.99,$1726.45,$1257.30,$469.15,$186404.69
54,$186404.69,$1726.45,$1260.44,$466.01,$185144.25
55,$185144.25,$1726.45,$1263.59,$462.86,$183880.66
56,$183880.66,$1726.45,$1266.75,$459.70,$182613.90
57,$182613.90,$1726.45,$1269.92,$456.53,$181343.98
58,$181343.98,$1726.45,$1273.09,$453.36,$180070.89
59,$180070.89,$1726.45,$1276.28,$450.18,$178794.61
60,$178794.61,$1726.45,$1279.47,$446.99,$177515.15
61,$177515.15,$1726.45,$1282.67,$443.79,$176232.48
62,$176232.48,$1726.45,$1285.87,$440.58,$174946.61
63,$174946.61,$1726.45,$1289.09,$437.37,$173657.52
64,$173657.52,$1726.45,$1292.31,$434.14,$172365.21
65,$172365.21,$1726.45,$1295.54,$430.91,$171069.67
66,$171069.67,$1726.45,$1298.78,$427.67,$169770.89
67,$169770.89,$1726.45,$1302.03,$424.43,$168468.86
68,$168468.86,$1726.45,$1305.28,$421.17,$167163.58
69,$167163.58,$1726.45,$1308.55,$417.91,$165855.03
70,$165855.03,$1726.45,$1311.82,$414.64,$164543.22
71,$164543.22,$1726.45,$1315.10,$411.36,$163228.12
72,$163228.12,$1726.45,$1318.38,$408.07,$161909.74
73,$161909.74,$1726.45,$1321.68,$404.77,$160588.06
74,$160588.06,$1726.45,$1324.98,$401.47,$159263.07
75,$159263.07,$1726.45,$1328.30,$398.16,$157934.78
76,$157934.78,$1726.45,$1331.62,$394.84,$156603.16
77,$156603.16,$1726.45,$1334.95,$391.51,$155268.21
78,$155268.21,$1726.45,$1338.28,$388.17,$153929.93
79,$153929.93,$1726.45,$1341.63,$384.82,$152588.30
80,$152588.30,$1726.45,$1344.98,$381.47,$151243.32
81,$151243.32,$1726.45,$1348.35,$378.11,$149894.97
82,$149894.97,$1726.45,$1351.72,$374.74,$148543.26
83,$148543.26,$1726.45,$1355.10,$371.36,$147188.16
84,$147188.16,$1726.45,$1358.48,$367.97,$145829.68
85,$145829.68,$1726.45,$1361.88,$364.57,$144467.80
86,$144467.80,$1726.45,$1365.28,$361.17,$143102.51
87,$143102.51,$1726.45,$1368.70,$357.76,$141733.81
88,$141733.81,$1726.45,$1372.12,$354.33,$140361.69
89,$140361.69,$1726.45,$1375.55,$350.90,$138986.14
90,$138986.14,$1726.45,$1378.99,$347.47,$137607.15
91,$137607.15,$1726.45,$1382.44,$344.02,$136224.72
92,$136224.72,$1726.45,$1385.89,$340.56,$134838.83
93,$134838.83,$1726.45,$1389.36,$337.10,$133449.47
94,$133449.47,$1726.45,$1392.83,$333.62,$132056.64
95,$132056.64,$1726.45,$1396.31,$330.14,$130660.33
96,$130660.33,$1726.45,$1399.80,$326.65,$129260.52
97,$129260.52,$1726.45,$1403.30,$323.15,$127857.22
98,$127857.22,$1726.45,$1406.81,$319.64,$126450.41
99,$126450.41,$1726.45,$1410.33,$316.13,$125040.08
100,$125040.08,$1726.45,$1413.85,$312.60,$123626.23
101,$123626.23,$1726.45,$1417.39,$309.07,$122208.84
102,$122208.84,$1726.45,$1420.93,$305.52,$120787.91
103,$120787.91,$1726.45,$1424.48,$301.97,$119363.42
104,$119363.42,$1726.45,$1428.05,$298.41,$117935.38
105,$117935.38,$1726.45,$1431.62,$294.84,$116503.76
106,$116503.76,$1726.45,$1435.19,$291.26,$115068.57
107,$115068.57,$1726.45,$1438.78,$287.67,$113629.78
108,$113629.78,$1726.45,$1442.38,$284.07,$112187.40
109,$112187.40,$1726.45,$1445.99,$280.47,$110741.42
110,$110741.42,$1726.45,$1449.60,$276.85,$109291.82
111,$109291.82,$1726.45,$1453.22,$273.23,$107838.59
112,$107838.59,$1726.45,$1456.86,$269.60,$106381.74
113,$106381.74,$1726.45,$1460.50,$265.95,$104921.24
114,$104921.24,$1726.45,$1464.15,$262.30,$103457.09
115,$103457.09,$1726.45,$1467.81,$258.64,$101989.27
116,$101989.27,$1726.45,$1471.48,$254.97,$100517.79
117,$100517.79,$1726.45,$1475.16,$251.29,$99042.63
118,$99042.63,$1726.45,$1478.85,$247.61,$97563.79
119,$97563.79,$1726.45,$1482.54,$243.91,$96081.24
120,$96081.24,$1726.45,$1486.25,$240.20,$94594.99
121,$94594.99,$1726.45,$1489.97,$236.49,$93105.02
122,$93105.02,$1726.45,$1493.69,$232.76,$91611.33
123,$91611.33,$1726.45,$1497.43,$229.03,$90113.91
124,$90113.91,$1726.45,$1501.17,$225.28,$88612.74
125,$88612.74,$1726.45,$1504.92,$221.53,$87107.81
126,$87107.81,$1726.45,$1508.68,$217.77,$85599.13
127,$85599.13,$1726.45,$1512.46,$214.00,$84086.67
128,$84086.67,$1726.45,$1516.24,$210.22,$82570.44
129,$82570.44,$1726.45,$1520.03,$206.43,$81050.41
130,$81050.41,$1726.45,$1523.83,$202.63,$79526.58
131,$79526.58,$1726.45,$1527.64,$198.82,$77998.94
132,$77998.94,$1726.45,$1531.46,$195.00,$76467.49
133,$76467.49,$1726.45,$1535.29,$191.17,$74932.20
134,$74932.20,$1726.45,$1539.12,$187.33,$73393.08
135,$73393.08,$1726.45,$1542.97,$183.48,$71850.11
136,$71850.11,$1726.45,$1546.83,$179.63,$70303.28
137,$70303.28,$1726.45,$1550.70,$175.76,$68752.58
138,$68752.58,$1726.45,$1554.57,$171.88,$67198.01
139,$67198.01,$1726.45,$1558.46,$168.00,$65639.55
140,$65639.55,$1726.45,$1562.36,$164.10,$64077.19
141,$64077.19,$1726.45,$1566.26,$160.19,$62510.93
142,$62510.93,$1726.45,$1570.18,$156.28,$60940.76
143,$60940.76,$1726.45,$1574.10,$152.35,$59366.65
144,$59366.65,$1726.45,$1578.04,$148.42,$57788.62
145,$57788.62,$1726.45,$1581.98,$144.47,$56206.63
146,$56206.63,$1726.45,$1585.94,$140.52,$54620.70
147,$54620.70,$1726.45,$1589.90,$136.55,$53030.79
148,$53030.79,$1726.45,$1593.88,$132.58,$51436.92
149,$51436.92,$1726.45,$1597.86,$128.59,$49839.05
150,$49839.05,$1726.45,$1601.86,$124.60,$48237.20
151,$48237.20,$1726.45,$1605.86,$120.59,$46631.34
152,$46631.34,$1726.45,$1609.88,$116.58,$45021.46
153,$45021.46,$1726.45,$1613.90,$112.55,$43407.56
154,$43407.56,$1726.45,$1617.94,$108.52,$41789.63
155,$41789.63,$1726.45,$1621.98,$104.47,$40167.65
156,$40167.65,$1726.45,$1626.03,$100.42,$38541.61
157,$38541.61,$1726.45,$1630.10,$96.35,$36911.51
158,$36911.51,$1726.45,$1634.18,$92.28,$35277.34
159,$35277.34,$1726.45,$1638.26,$88.19,$33639.07
160,$33639.07,$1726.45,$1642.36,$84.10,$31996.72
161,$31996.72,$1726.45,$1646.46,$79.99,$30350.26
162,$30350.26,$1726.45,$1650.58,$75.88,$28699.68
163,$28699.68,$1726.45,$1654.70,$71.75,$27044.97
164,$27044.97,$1726.45,$1658.84,$67.61,$25386.13
165,$25386.13,$1726.45,$1662.99,$63.47,$23723.14
166,$23723.14,$1726.45,$1667.15,$59.31,$22056.00
167,$22056.00,$1726.45,$1671.31,$55.14,$20384.68
168,$20384.68,$1726.45,$1675.49,$50.96,$18709.19
169,$18709.19,$1726.45,$1679.68,$46.77,$17029.51
170,$17029.51,$1726.45,$1683.88,$42.57,$15345.63
171,$15345.63,$1726.45,$1688.09,$38.36,$13657.54
172,$13657.54,$1726.45,$1692.31,$34.14,$11965.23
173,$11965.23,$1726.45,$1696.54,$29.91,$10268.69
174,$10268.69,$1726.45,$1700.78,$25.67,$8567.90
175,$8567.90,$1726.45,$1705.03,$21.42,$6862.87
176,$6862.87,$1726.45,$1709.30,$17.16,$5153.57
177,$5153.57,$1726.45,$1713.57,$12.88,$3440.00
178,$3440.00,$1726.45,$1717.85,$8.60,$1722.15
179,$1722.15,$1726.45,$1722.15,$4.31,$0.00
